Controller,256,192,003A68E2,0,1,1,4294967295,0,0
CamPos,9,91,F6478378,0,1,1,4294967295,0,0
CamUp,8,148,890A29CA,0,1,1,4294967295,0,0
ModelFlipCtrl,4,363,777736F1,0,1,1,4294967295,0,0
CamFov,6,312,DFAE880A,0,1,1,4294967295,0,0
ModelScale,7,518,D71FDCB1,0,1,1,4294967295,0,0
ModelFlipTris,5,573,2ED7E3A9,0,1,1,4294967295,0,0
Spin,11,186,19E3A062,0,1,1,4294967295,0,0
CamCull,9,238,3C0DD456,0,1,1,4294967295,0,0
ExportAll,714,132,8174B403,0,1,1,4294967295,0,0
Open,730,100,81D1C281,0,1,1,4294967295,0,0
Gizmo,700,0,00EE3DB5,0,1,1,4294967295,0,0
